year	 month	 day	 hour	 R0	 UV0	 Rs
2014.0	 6.0	 7.0	 6.0	 335.127	 19.122	 101.571
2014.0	 6.0	 7.0	 7.0	 604.91	 34.516	 246.319
2014.0	 6.0	 7.0	 8.0	 856.081	 48.847	 517.023
2014.0	 6.0	 7.0	 9.0	 1071.004	 61.111	 691.781
2014.0	 6.0	 7.0	 10.0	 1235.384	 70.49	 833.957
2014.0	 6.0	 7.0	 11.0	 1338.019	 76.346	 941.91
2014.0	 6.0	 7.0	 12.0	 1371.915	 78.281	 1028.35
2014.0	 6.0	 7.0	 13.0	 1334.762	 76.16	 1017.502
2014.0	 6.0	 7.0	 14.0	 1229.091	 70.131	 906.844
2014.0	 6.0	 7.0	 15.0	 1062.104	 60.603	 789.377
2014.0	 6.0	 7.0	 16.0	 845.181	 48.225	 632.208
2014.0	 6.0	 7.0	 17.0	 593.105	 33.842	 422.775
2014.0	 6.0	 7.0	 18.0	 323.054	 18.433	 229.814
2014.0	 6.0	 8.0	 6.0	 335.64	 19.151	 79.7
2014.0	 6.0	 8.0	 7.0	 605.262	 34.536	 223.189
2014.0	 6.0	 8.0	 8.0	 856.206	 48.854	 208.501
2014.0	 6.0	 8.0	 9.0	 1071.113	 61.117	 175.401
2014.0	 6.0	 8.0	 10.0	 1235.554	 70.5	 500.518
2014.0	 6.0	 8.0	 11.0	 1338.325	 76.364	 790.166
2014.0	 6.0	 8.0	 12.0	 1372.42	 78.309	 446.221
2014.0	 6.0	 8.0	 13.0	 1335.517	 76.204	 807.401
2014.0	 6.0	 8.0	 14.0	 1230.131	 70.19	 917.593
2014.0	 6.0	 8.0	 15.0	 1063.443	 60.679	 725.914
2014.0	 6.0	 8.0	 16.0	 846.812	 48.319	 565.037
2014.0	 6.0	 8.0	 17.0	 595.003	 33.95	 387.024
2014.0	 6.0	 8.0	 18.0	 325.174	 18.554	 177.479
2014.0	 6.0	 9.0	 6.0	 336.021	 19.173	 27.495
2014.0	 6.0	 9.0	 7.0	 605.48	 34.548	 96.384
2014.0	 6.0	 9.0	 8.0	 856.297	 48.86	 192.194
2014.0	 6.0	 9.0	 9.0	 1071.213	 61.123	 365.823
2014.0	 6.0	 9.0	 10.0	 1235.737	 70.51	 558.249
2014.0	 6.0	 9.0	 11.0	 1338.658	 76.383	 710.148
2014.0	 6.0	 9.0	 12.0	 1372.961	 78.34	 706.132
2014.0	 6.0	 9.0	 13.0	 1336.31	 76.249	 804.46
2014.0	 6.0	 9.0	 14.0	 1231.201	 70.251	 800.902
2014.0	 6.0	 9.0	 15.0	 1064.797	 60.757	 627.587
2014.0	 6.0	 9.0	 16.0	 848.44	 48.411	 460.913
2014.0	 6.0	 9.0	 17.0	 596.872	 34.057	 285.374
2014.0	 6.0	 9.0	 18.0	 327.239	 18.672	 167.637
2014.0	 6.0	 10.0	 6.0	 336.312	 19.19	 47.336
2014.0	 6.0	 10.0	 7.0	 605.636	 34.557	 166.75
2014.0	 6.0	 10.0	 8.0	 856.305	 48.86	 339.513
2014.0	 6.0	 10.0	 9.0	 1071.243	 61.124	 528.146
2014.0	 6.0	 10.0	 10.0	 1235.861	 70.517	 699.918
2014.0	 6.0	 10.0	 11.0	 1338.941	 76.399	 802.064
2014.0	 6.0	 10.0	 12.0	 1373.458	 78.368	 845.717
2014.0	 6.0	 10.0	 13.0	 1337.061	 76.292	 804.223
2014.0	 6.0	 10.0	 14.0	 1232.229	 70.31	 768.894
2014.0	 6.0	 10.0	 15.0	 1066.106	 60.831	 639.951
2014.0	 6.0	 10.0	 16.0	 850.014	 48.501	 434.881
2014.0	 6.0	 10.0	 17.0	 598.679	 34.16	 323.323
2014.0	 6.0	 10.0	 18.0	 329.228	 18.785	 169.953
2014.0	 6.0	 11.0	 6.0	 336.492	 19.2	 23.609
2014.0	 6.0	 11.0	 7.0	 605.695	 34.561	 47.527
2014.0	 6.0	 11.0	 8.0	 856.182	 48.853	 99.788
2014.0	 6.0	 11.0	 9.0	 1071.142	 61.118	 92.642
2014.0	 6.0	 11.0	 10.0	 1235.855	 70.517	 310.962
2014.0	 6.0	 11.0	 11.0	 1339.097	 76.408	 494.445
2014.0	 6.0	 11.0	 12.0	 1373.832	 78.39	 505.405
2014.0	 6.0	 11.0	 13.0	 1337.693	 76.328	 970.821
2014.0	 6.0	 11.0	 14.0	 1233.142	 70.362	 887.554
2014.0	 6.0	 11.0	 15.0	 1067.305	 60.9	 748.7
2014.0	 6.0	 11.0	 16.0	 851.484	 48.585	 572.61
2014.0	 6.0	 11.0	 17.0	 600.385	 34.257	 377.256
2014.0	 6.0	 11.0	 18.0	 331.12	 18.893	 188.736
2014.0	 6.0	 12.0	 6.0	 336.545	 19.203	 66.827
2014.0	 6.0	 12.0	 7.0	 605.625	 34.556	 252.759
2014.0	 6.0	 12.0	 8.0	 856.028	 48.844	 446.261
2014.0	 6.0	 12.0	 9.0	 1071.035	 61.112	 636.37
2014.0	 6.0	 12.0	 10.0	 1235.865	 70.518	 758.232
2014.0	 6.0	 12.0	 11.0	 1339.283	 76.419	 860.926
2014.0	 6.0	 12.0	 12.0	 1374.243	 78.413	 943.462
2014.0	 6.0	 12.0	 13.0	 1338.362	 76.366	 941.831
2014.0	 6.0	 12.0	 14.0	 1234.085	 70.416	 707.25
2014.0	 6.0	 12.0	 15.0	 1068.519	 60.969	 279.986
2014.0	 6.0	 12.0	 16.0	 852.946	 48.668	 438.41
2014.0	 6.0	 12.0	 17.0	 602.058	 34.353	 276.25
2014.0	 6.0	 12.0	 18.0	 332.952	 18.998	 171.802
2014.0	 6.0	 13.0	 6.0	 336.511	 19.201	 67.613
2014.0	 6.0	 13.0	 7.0	 605.496	 34.549	 156.104
2014.0	 6.0	 13.0	 8.0	 855.746	 48.828	 370.397
2014.0	 6.0	 13.0	 9.0	 1070.8	 61.099	 577.952
2014.0	 6.0	 13.0	 10.0	 1235.746	 70.511	 638.211
2014.0	 6.0	 13.0	 11.0	 1339.343	 76.422	 565.923
2014.0	 6.0	 13.0	 12.0	 1374.531	 78.43	 852.629
2014.0	 6.0	 13.0	 13.0	 1338.912	 76.397	 434.929
2014.0	 6.0	 13.0	 14.0	 1234.913	 70.463	 551.972
2014.0	 6.0	 13.0	 15.0	 1069.622	 61.032	 315.807
2014.0	 6.0	 13.0	 16.0	 854.303	 48.746	 491.557
2014.0	 6.0	 13.0	 17.0	 603.629	 34.443	 308.505
2014.0	 6.0	 13.0	 18.0	 334.684	 19.097	 177.836
2014.0	 6.0	 14.0	 6.0	 336.35	 19.192	 51.654
2014.0	 6.0	 14.0	 7.0	 605.239	 34.535	 134.992
2014.0	 6.0	 14.0	 8.0	 855.436	 48.811	 306.86
2014.0	 6.0	 14.0	 9.0	 1070.563	 61.085	 387.425
2014.0	 6.0	 14.0	 10.0	 1235.646	 70.505	 659.901
2014.0	 6.0	 14.0	 11.0	 1339.435	 76.427	 751.602
2014.0	 6.0	 14.0	 12.0	 1374.858	 78.448	 712.191
2014.0	 6.0	 14.0	 13.0	 1339.499	 76.431	 662.335
2014.0	 6.0	 14.0	 14.0	 1235.77	 70.512	 639.502
2014.0	 6.0	 14.0	 15.0	 1070.738	 61.096	 397.941
2014.0	 6.0	 14.0	 16.0	 855.651	 48.823	 413.874
2014.0	 6.0	 14.0	 17.0	 605.165	 34.53	 257.567
2014.0	 6.0	 14.0	 18.0	 336.352	 19.192	 77.926
2014.0	 6.0	 15.0	 6.0	 336.106	 19.178	 29.642
2014.0	 6.0	 15.0	 7.0	 604.927	 34.517	 83.375
2014.0	 6.0	 15.0	 8.0	 855.05	 48.789	 235.488
2014.0	 6.0	 15.0	 9.0	 1070.262	 61.068	 296.046
2014.0	 6.0	 15.0	 10.0	 1235.492	 70.496	 125.938
2014.0	 6.0	 15.0	 11.0	 1339.481	 76.43	 82.304
2014.0	 6.0	 15.0	 12.0	 1375.142	 78.465	 52.661
2014.0	 6.0	 15.0	 13.0	 1340.045	 76.462	 351.425
2014.0	 6.0	 15.0	 14.0	 1236.582	 70.558	 363.14
2014.0	 6.0	 15.0	 15.0	 1071.803	 61.156	 252.077
2014.0	 6.0	 15.0	 16.0	 856.938	 48.896	 218.369
2014.0	 6.0	 15.0	 17.0	 606.63	 34.614	 175.048
2014.0	 6.0	 15.0	 18.0	 337.937	 19.282	 48.842
2014.0	 6.0	 16.0	 9.0	 1069.898	 61.048	 76.409
2014.0	 6.0	 16.0	 10.0	 1235.285	 70.484	 202.715
2014.0	 6.0	 16.0	 11.0	 1339.481	 76.43	 116.086
2014.0	 6.0	 16.0	 12.0	 1375.385	 78.478	 281.832
2014.0	 6.0	 16.0	 13.0	 1340.55	 76.491	 314.099
2014.0	 6.0	 16.0	 14.0	 1237.35	 70.602	 231.168
2014.0	 6.0	 16.0	 15.0	 1072.817	 61.214	 147.253
2014.0	 6.0	 16.0	 16.0	 858.166	 48.966	 390.941
2014.0	 6.0	 16.0	 17.0	 608.023	 34.693	 443.456
2014.0	 6.0	 16.0	 18.0	 339.435	 19.368	 167.197
2014.0	 6.0	 17.0	 6.0	 335.306	 19.132	 47.024
2014.0	 6.0	 17.0	 7.0	 604.034	 34.466	 162.294
2014.0	 6.0	 17.0	 8.0	 854.057	 48.732	 164.827
2014.0	 6.0	 17.0	 9.0	 1069.473	 61.023	 336.902
2014.0	 6.0	 17.0	 10.0	 1235.027	 70.47	 195.285
2014.0	 6.0	 17.0	 11.0	 1339.437	 76.427	 302.309
2014.0	 6.0	 17.0	 12.0	 1375.587	 78.49	 430.547
2014.0	 6.0	 17.0	 13.0	 1341.013	 76.517	 736.036
2014.0	 6.0	 17.0	 14.0	 1238.072	 70.644	 800.203
2014.0	 6.0	 17.0	 15.0	 1073.78	 61.269	 595.132
2014.0	 6.0	 17.0	 16.0	 859.331	 49.033	 219.86
2014.0	 6.0	 17.0	 17.0	 609.341	 34.769	 172.683
2014.0	 6.0	 17.0	 18.0	 340.847	 19.448	 138.963
2014.0	 6.0	 18.0	 6.0	 334.756	 19.101	 49.41
2014.0	 6.0	 18.0	 7.0	 603.458	 34.433	 153.047
2014.0	 6.0	 18.0	 8.0	 853.451	 48.697	 298.082
2014.0	 6.0	 18.0	 9.0	 1068.987	 60.996	 440.71
2014.0	 6.0	 18.0	 10.0	 1234.718	 70.452	 560.256
2014.0	 6.0	 18.0	 11.0	 1339.348	 76.422	 452.424
2014.0	 6.0	 18.0	 12.0	 1375.747	 78.499	 770.277
2014.0	 6.0	 18.0	 13.0	 1341.434	 76.541	 717.646
2014.0	 6.0	 18.0	 14.0	 1238.749	 70.682	 561.947
2014.0	 6.0	 18.0	 15.0	 1074.688	 61.321	 168.158
2014.0	 6.0	 18.0	 16.0	 860.433	 49.096	 213.949
2014.0	 6.0	 18.0	 17.0	 610.584	 34.84	 81.916
2014.0	 6.0	 18.0	 18.0	 342.169	 19.524	 47.676
2014.0	 6.0	 19.0	 6.0	 334.106	 19.064	 21.339
2014.0	 6.0	 19.0	 7.0	 602.796	 34.395	 52.418
2014.0	 6.0	 19.0	 8.0	 852.774	 48.659	 127.466
2014.0	 6.0	 19.0	 9.0	 1068.443	 60.965	 42.987
2014.0	 6.0	 19.0	 12.0	 1375.866	 78.506	 105.795
2014.0	 6.0	 19.0	 13.0	 1341.814	 76.563	 313.041
2014.0	 6.0	 19.0	 14.0	 1239.38	 70.718	 135.85
2014.0	 6.0	 19.0	 15.0	 1075.543	 61.37	 69.467
2014.0	 6.0	 20.0	 6.0	 333.358	 19.021	 13.083
2014.0	 6.0	 20.0	 7.0	 602.051	 34.353	 44.226
2014.0	 6.0	 20.0	 8.0	 851.929	 48.611	 82.973
2014.0	 6.0	 20.0	 9.0	 1067.716	 60.923	 111.453
2014.0	 6.0	 20.0	 10.0	 1233.807	 70.4	 102.425
2014.0	 6.0	 20.0	 11.0	 1338.883	 76.396	 249.791
2014.0	 6.0	 20.0	 12.0	 1375.784	 78.501	 97.234
2014.0	 6.0	 20.0	 13.0	 1341.995	 76.573	 284.823
2014.0	 6.0	 20.0	 14.0	 1239.818	 70.743	 85.715
2014.0	 6.0	 20.0	 15.0	 1076.218	 61.408	 534.454
2014.0	 6.0	 20.0	 16.0	 862.342	 49.205	 267.947
2014.0	 6.0	 20.0	 17.0	 612.766	 34.964	 407.786
2014.0	 6.0	 20.0	 18.0	 344.499	 19.657	 238.543
2014.0	 6.0	 21.0	 6.0	 332.476	 18.971	 44.476
2014.0	 6.0	 21.0	 7.0	 601.153	 34.301	 119.974
2014.0	 6.0	 21.0	 8.0	 851.116	 48.564	 136.124
2014.0	 6.0	 21.0	 9.0	 1067.057	 60.885	 81.638
2014.0	 6.0	 21.0	 10.0	 1233.35	 70.374	 214.887
2014.0	 6.0	 21.0	 11.0	 1338.664	 76.383	 223.523
2014.0	 6.0	 21.0	 12.0	 1375.821	 78.503	 341.519
2014.0	 6.0	 21.0	 13.0	 1342.289	 76.59	 190.563
2014.0	 6.0	 21.0	 15.0	 1076.961	 61.451	 143.153
2014.0	 6.0	 21.0	 16.0	 863.247	 49.256	 531.653
2014.0	 6.0	 21.0	 17.0	 613.774	 35.021	 344.194
2014.0	 6.0	 21.0	 18.0	 345.545	 19.717	 150.027