year	 month	 day	 hour	 R0	 UV0	 Rs
2014.0	 6.0	 7.0	 6.0	 357.5669	 20.4025	 36.4
2014.0	 6.0	 7.0	 7.0	 616.1702	 35.1582	 384.7
2014.0	 6.0	 7.0	 8.0	 857.0843	 48.9046	 596.4
2014.0	 6.0	 7.0	 9.0	 1063.101	 60.6598	 773.2
2014.0	 6.0	 7.0	 10.0	 1220.67	 69.6505	 914.6
2014.0	 6.0	 7.0	 11.0	 1319.052	 75.2641	 991.8
2014.0	 6.0	 7.0	 12.0	 1351.543	 77.1181	 1037.8
2014.0	 6.0	 7.0	 13.0	 1315.929	 75.0859	 816.5
2014.0	 6.0	 7.0	 14.0	 1214.637	 69.3063	 814.4
2014.0	 6.0	 7.0	 15.0	 1054.5699	 60.173	 157.2
2014.0	 6.0	 7.0	 16.0	 846.6361	 48.3084	 286.7
2014.0	 6.0	 7.0	 17.0	 605.0054	 34.5212	 39.4
2014.0	 6.0	 7.0	 18.0	 346.1448	 19.7508	 33.0
2014.0	 6.0	 8.0	 6.0	 358.2092	 20.4392	 66.9
2014.0	 6.0	 8.0	 7.0	 616.6591	 35.1861	 178.0
2014.0	 6.0	 8.0	 8.0	 857.3429	 48.9194	 573.8
2014.0	 6.0	 8.0	 9.0	 1063.344	 60.6736	 603.4
2014.0	 6.0	 8.0	 10.0	 1220.972	 69.6677	 668.7
2014.0	 6.0	 8.0	 11.0	 1319.484	 75.2887	 439.1
2014.0	 6.0	 8.0	 12.0	 1352.166	 77.1536	 996.3
2014.0	 6.0	 8.0	 13.0	 1316.792	 75.1352	 594.0
2014.0	 6.0	 8.0	 16.0	 848.3382	 48.4055	 116.1
2014.0	 6.0	 8.0	 17.0	 606.9633	 34.6329	 64.7
2014.0	 6.0	 8.0	 18.0	 348.3161	 19.8747	 24.8
2014.0	 6.0	 9.0	 6.0	 358.7135	 20.4679	 25.7
2014.0	 6.0	 9.0	 7.0	 617.0063	 35.2059	 345.4
2014.0	 6.0	 9.0	 8.0	 857.5602	 48.9318	 597.0
2014.0	 6.0	 9.0	 9.0	 1063.5699	 60.6865	 765.9
2014.0	 6.0	 9.0	 10.0	 1221.277	 69.6852	 902.3
2014.0	 6.0	 9.0	 11.0	 1319.933	 75.3144	 810.1
2014.0	 6.0	 9.0	 12.0	 1352.8149	 77.1906	 1256.7
2014.0	 6.0	 9.0	 13.0	 1317.682	 75.186	 167.7
2014.0	 6.0	 9.0	 14.0	 1216.929	 69.437	 187.6
2014.0	 6.0	 9.0	 15.0	 1057.421	 60.3357	 134.9
2014.0	 6.0	 9.0	 16.0	 850.0289	 48.502	 595.2
2014.0	 6.0	 9.0	 17.0	 608.886	 34.7426	 95.6
2014.0	 6.0	 9.0	 18.0	 350.4259	 19.995	 47.2
2014.0	 6.0	 10.0	 6.0	 359.1225	 20.4913	 83.5
2014.0	 6.0	 10.0	 7.0	 617.2863	 35.2219	 73.4
2014.0	 6.0	 10.0	 8.0	 857.6882	 48.9391	 67.6
2014.0	 6.0	 10.0	 9.0	 1063.719	 60.695	 288.4
2014.0	 6.0	 10.0	 10.0	 1221.516	 69.6988	 142.5
2014.0	 6.0	 10.0	 11.0	 1320.325	 75.3367	 480.8
2014.0	 6.0	 10.0	 12.0	 1353.412	 77.2247	 221.8
2014.0	 6.0	 10.0	 13.0	 1318.5229	 75.2339	 403.0
2014.0	 6.0	 11.0	 6.0	 359.416	 20.508	 30.5
2014.0	 6.0	 11.0	 7.0	 617.4635	 35.232	 295.1
2014.0	 6.0	 11.0	 8.0	 857.6777	 48.9385	 52.4
2014.0	 6.0	 11.0	 9.0	 1063.73	 60.6956	 111.8
2014.0	 6.0	 11.0	 10.0	 1221.618	 69.7046	 156.5
2014.0	 6.0	 11.0	 11.0	 1320.582	 75.3514	 131.8
2014.0	 6.0	 11.0	 12.0	 1353.8781	 77.2512	 188.8
2014.0	 6.0	 11.0	 13.0	 1319.236	 75.2746	 168.2
2014.0	 6.0	 11.0	 14.0	 1219.0179	 69.5562	 1029.4
2014.0	 6.0	 11.0	 15.0	 1060.053	 60.4858	 844.3
2014.0	 6.0	 11.0	 16.0	 853.1743	 48.6815	 342.5
2014.0	 6.0	 11.0	 17.0	 612.4804	 34.9477	 72.0
2014.0	 6.0	 11.0	 18.0	 354.3741	 20.2203	 29.8
2014.0	 6.0	 12.0	 6.0	 359.5739	 20.517	 36.5
2014.0	 6.0	 12.0	 7.0	 617.5034	 35.2343	 278.2
2014.0	 6.0	 12.0	 8.0	 857.6301	 48.9357	 545.5
2014.0	 6.0	 12.0	 9.0	 1063.728	 60.6955	 716.8
2014.0	 6.0	 12.0	 10.0	 1221.7271	 69.7108	 860.9
2014.0	 6.0	 12.0	 11.0	 1320.86	 75.3673	 836.6
2014.0	 6.0	 12.0	 12.0	 1354.371	 77.2794	 675.1
2014.0	 6.0	 12.0	 13.0	 1319.9771	 75.3169	 1049.4
2014.0	 6.0	 12.0	 14.0	 1220.021	 69.6135	 468.2
2014.0	 6.0	 12.0	 15.0	 1061.316	 60.5579	 225.3
2014.0	 6.0	 12.0	 16.0	 854.6761	 48.7672	 160.3
2014.0	 6.0	 12.0	 17.0	 614.1844	 35.0449	 56.9
2014.0	 6.0	 12.0	 18.0	 356.2295	 20.3262	 40.2
2014.0	 6.0	 13.0	 6.0	 359.6409	 20.5208	 83.5
2014.0	 6.0	 13.0	 7.0	 617.4794	 35.2329	 248.0
2014.0	 6.0	 13.0	 8.0	 857.4467	 48.9253	 429.6
2014.0	 6.0	 13.0	 9.0	 1063.589	 60.6876	 659.9
2014.0	 6.0	 13.0	 10.0	 1221.701	 69.7093	 256.1
2014.0	 6.0	 13.0	 11.0	 1321.005	 75.3755	 795.3
2014.0	 6.0	 13.0	 12.0	 1354.734	 77.3001	 225.8
2014.0	 6.0	 13.0	 13.0	 1320.5909	 75.352	 428.6
2014.0	 6.0	 13.0	 14.0	 1220.902	 69.6637	 312.0
2014.0	 6.0	 13.0	 15.0	 1062.46	 60.6232	 340.0
2014.0	 6.0	 13.0	 16.0	 856.0632	 48.8463	 160.2
2014.0	 6.0	 13.0	 18.0	 357.9766	 20.4259	 51.6
2014.0	 6.0	 14.0	 6.0	 359.5741	 20.517	 47.0
2014.0	 6.0	 14.0	 7.0	 617.3201	 35.2238	 239.0
2014.0	 6.0	 14.0	 8.0	 857.2288	 48.9128	 510.8
2014.0	 6.0	 14.0	 9.0	 1063.441	 60.6791	 670.4
2014.0	 6.0	 14.0	 10.0	 1221.683	 69.7083	 657.4
2014.0	 6.0	 14.0	 11.0	 1321.172	 75.3851	 922.7
2014.0	 6.0	 14.0	 12.0	 1355.126	 77.3225	 132.7
2014.0	 6.0	 14.0	 13.0	 1321.233	 75.3886	 242.6
2014.0	 6.0	 14.0	 14.0	 1221.802	 69.7151	 228.5
2014.0	 6.0	 14.0	 15.0	 1063.609	 60.6887	 465.6
2014.0	 6.0	 14.0	 16.0	 857.4339	 48.9245	 84.1
2014.0	 6.0	 14.0	 17.0	 617.3283	 35.2243	 54.4
2014.0	 6.0	 14.0	 18.0	 359.6547	 20.5216	 62.6
2014.0	 6.0	 15.0	 6.0	 359.4182	 20.5081	 58.2
2014.0	 6.0	 15.0	 7.0	 617.0998	 35.2113	 188.5
2014.0	 6.0	 15.0	 8.0	 856.9274	 48.8956	 332.7
2014.0	 6.0	 15.0	 9.0	 1063.2209	 60.6666	 480.0
2014.0	 6.0	 15.0	 10.0	 1221.604	 69.7038	 654.6
2014.0	 6.0	 15.0	 11.0	 1321.2841	 75.3915	 796.5
2014.0	 6.0	 15.0	 12.0	 1355.467	 77.3419	 682.8
2014.0	 6.0	 15.0	 13.0	 1321.825	 75.4223	 146.8
2014.0	 6.0	 15.0	 14.0	 1222.649	 69.7634	 85.0
2014.0	 6.0	 15.0	 15.0	 1064.698	 60.7509	 105.1
2014.0	 6.0	 15.0	 16.0	 858.7369	 48.9989	 53.2
2014.0	 6.0	 15.0	 17.0	 618.8011	 35.3083	 35.7
2014.0	 6.0	 15.0	 18.0	 361.2419	 20.6122	 92.6
2014.0	 6.0	 16.0	 6.0	 359.1526	 20.493	 69.4
2014.0	 6.0	 16.0	 7.0	 616.783	 35.1932	 308.3
2014.0	 6.0	 16.0	 8.0	 856.5441	 48.8738	 187.9
2014.0	 6.0	 16.0	 9.0	 1062.9301	 60.65	 137.2
2014.0	 6.0	 16.0	 10.0	 1221.464	 69.6958	 93.2
2014.0	 6.0	 16.0	 11.0	 1321.342	 75.3948	 648.1
2014.0	 6.0	 16.0	 12.0	 1355.7581	 77.3585	 819.3
2014.0	 6.0	 16.0	 13.0	 1322.366	 75.4532	 337.1
2014.0	 6.0	 16.0	 14.0	 1223.443	 69.8087	 111.6
2014.0	 6.0	 16.0	 15.0	 1065.728	 60.8097	 558.1
2014.0	 6.0	 16.0	 16.0	 859.9715	 49.0693	 142.5
2014.0	 6.0	 16.0	 18.0	 362.7366	 20.6975	 34.9
2014.0	 6.0	 17.0	 7.0	 616.3712	 35.1697	 20.2
2014.0	 6.0	 17.0	 8.0	 856.0803	 48.8473	 46.3
2014.0	 6.0	 17.0	 9.0	 1062.5699	 60.6295	 169.2
2014.0	 6.0	 17.0	 10.0	 1221.264	 69.6844	 282.0
2014.0	 6.0	 17.0	 11.0	 1321.347	 75.3951	 536.1
2014.0	 6.0	 17.0	 12.0	 1355.999	 77.3723	 321.3
2014.0	 6.0	 17.0	 13.0	 1322.858	 75.4813	 177.4
2014.0	 6.0	 17.0	 16.0	 861.1362	 49.1358	 110.2
2014.0	 6.0	 17.0	 17.0	 621.5058	 35.4627	 92.1
2014.0	 6.0	 17.0	 18.0	 364.137	 20.7774	 29.7
2014.0	 6.0	 18.0	 6.0	 358.2985	 20.4443	 59.0
2014.0	 6.0	 18.0	 7.0	 615.8662	 35.1409	 142.0
2014.0	 6.0	 18.0	 8.0	 855.5367	 48.8163	 518.5
2014.0	 6.0	 18.0	 9.0	 1062.142	 60.605	 690.8
2014.0	 6.0	 18.0	 10.0	 1221.005	 69.6696	 810.9
2014.0	 6.0	 18.0	 11.0	 1321.299	 75.3923	 923.0
2014.0	 6.0	 18.0	 12.0	 1356.1899	 77.3832	 490.4
2014.0	 6.0	 18.0	 13.0	 1323.299	 75.5065	 587.2
2014.0	 6.0	 18.0	 14.0	 1224.869	 69.8901	 933.7
2014.0	 6.0	 18.0	 15.0	 1067.6071	 60.9168	 203.6
2014.0	 6.0	 18.0	 16.0	 862.2299	 49.1982	 547.4
2014.0	 6.0	 18.0	 17.0	 622.7346	 35.5328	 59.2
2014.0	 6.0	 18.0	 18.0	 365.4415	 20.8518	 24.0
2014.0	 6.0	 19.0	 6.0	 357.7127	 20.4108	 85.8
2014.0	 6.0	 19.0	 7.0	 615.269	 35.1068	 176.7
2014.0	 6.0	 19.0	 8.0	 854.9153	 48.7808	 280.2
2014.0	 6.0	 19.0	 9.0	 1061.647	 60.5768	 350.2
2014.0	 6.0	 19.0	 10.0	 1220.687	 69.6515	 360.5
2014.0	 6.0	 19.0	 11.0	 1321.199	 75.3866	 322.3
2014.0	 6.0	 19.0	 12.0	 1356.3311	 77.3912	 311.3
2014.0	 6.0	 19.0	 13.0	 1323.6899	 75.5288	 321.3
2014.0	 6.0	 19.0	 14.0	 1225.5	 69.9261	 345.5
2014.0	 6.0	 19.0	 15.0	 1068.453	 60.9651	 118.1
2014.0	 6.0	 19.0	 16.0	 863.2513	 49.2565	 74.2
2014.0	 6.0	 19.0	 17.0	 623.8792	 35.5981	 46.6
2014.0	 6.0	 19.0	 18.0	 366.6489	 20.9207	 22.4
2014.0	 6.0	 20.0	 6.0	 357.0226	 20.3714	 42.8
2014.0	 6.0	 20.0	 7.0	 614.5813	 35.0675	 122.5
2014.0	 6.0	 20.0	 8.0	 854.1172	 48.7353	 541.1
2014.0	 6.0	 20.0	 9.0	 1060.962	 60.5377	 280.0
2014.0	 6.0	 20.0	 10.0	 1220.17	 69.622	 415.3
2014.0	 6.0	 20.0	 11.0	 1320.892	 75.3691	 194.9
2014.0	 6.0	 20.0	 12.0	 1356.264	 77.3874	 1099.5
2014.0	 6.0	 20.0	 13.0	 1323.875	 75.5393	 865.0
2014.0	 6.0	 20.0	 14.0	 1225.933	 69.9508	 945.6
2014.0	 6.0	 20.0	 15.0	 1069.1121	 61.0027	 521.0
2014.0	 6.0	 20.0	 16.0	 864.0986	 49.3048	 215.1
2014.0	 6.0	 20.0	 17.0	 624.8648	 35.6543	 122.9
2014.0	 6.0	 20.0	 18.0	 367.7143	 20.9815	 42.9
2014.0	 6.0	 21.0	 6.0	 356.1891	 20.3239	 67.2
2014.0	 6.0	 21.0	 7.0	 613.7324	 35.0191	 157.9
2014.0	 6.0	 21.0	 8.0	 853.3433	 48.6911	 275.9
2014.0	 6.0	 21.0	 9.0	 1060.3361	 60.502	 56.9
2014.0	 6.0	 21.0	 10.0	 1219.738	 69.5974	 87.7
2014.0	 6.0	 21.0	 11.0	 1320.688	 75.3575	 198.9
2014.0	 6.0	 21.0	 12.0	 1356.306	 77.3898	 54.9
2014.0	 6.0	 21.0	 13.0	 1324.1639	 75.5558	 393.8
2014.0	 6.0	 21.0	 14.0	 1226.452	 69.9805	 47.5
2014.0	 6.0	 21.0	 15.0	 1069.83	 61.0437	 89.0
2014.0	 6.0	 22.0	 6.0	 355.2956	 20.2729	 46.8
2014.0	 6.0	 22.0	 7.0	 612.8672	 34.9697	 191.1
2014.0	 6.0	 22.0	 8.0	 852.4952	 48.6427	 557.1
2014.0	 6.0	 22.0	 9.0	 1059.646	 60.4626	 494.9
2014.0	 6.0	 22.0	 10.0	 1219.251	 69.5696	 985.7
2014.0	 6.0	 22.0	 13.0	 1324.401	 75.5693	 394.0
2014.0	 6.0	 22.0	 14.0	 1226.915	 70.0068	 126.4
2014.0	 6.0	 22.0	 15.0	 1070.484	 61.081	 488.0
2014.0	 6.0	 22.0	 16.0	 865.7689	 49.4001	 506.2
2014.0	 6.0	 22.0	 17.0	 626.7208	 35.7602	 170.1
2014.0	 6.0	 22.0	 18.0	 369.6298	 21.0908	 26.4