hour	jO1D	jNO2	HONO	ISO	OH	HO2	kOH	O3	NO2-PKU	NO2-FZJ	CO
0	0.0000	0.0000	0.8716	0.0251	nan	nan	nan	nan	nan	10.2882	nan
1	0.0000	0.0000	0.7676	0.0167	nan	nan	nan	nan	nan	9.4152	nan
2	0.0000	0.0000	0.7785	0.0083	nan	nan	nan	nan	nan	11.9695	0.3881
3	0.0000	0.0000	0.8880	0.0001	nan	nan	nan	9.2464	9.9032	12.8123	0.3479
4	0.0000	0.0000	0.9099	0.0100	nan	nan	nan	10.8833	10.1299	11.0487	0.3482
5	0.0045	0.0551	0.8677	0.0429	nan	nan	nan	9.1495	12.4413	16.7710	0.4050
6	0.0521	1.3897	0.7614	0.6019	nan	nan	nan	12.6170	10.2523	12.8009	0.4909
7	0.2997	3.7311	0.5784	0.8985	nan	nan	nan	24.0157	10.5267	12.6975	0.6737
8	0.8400	5.6008	0.3375	0.7755	nan	nan	nan	30.4142	9.6833	11.0089	0.4134
9	1.5005	6.6722	0.2564	0.3698	nan	nan	nan	47.5803	3.9259	7.3208	0.2164
10	2.1352	7.2192	0.2486	0.1982	nan	nan	nan	52.4781	2.2058	5.2986	0.1966
11	2.5632	7.6255	0.2803	0.3440	nan	nan	nan	57.9670	1.3424	4.5915	0.1734
12	2.8471	7.8791	0.4706	0.3564	nan	nan	5.6230	57.9534	0.8055	3.6760	0.1835
13	2.7476	7.9629	1.1119	0.6753	nan	nan	5.6356	56.9989	0.4968	3.4459	0.1629
14	2.2242	7.7292	0.1420	0.8324	nan	nan	6.0371	65.7077	0.8536	3.2634	0.1646
15	1.4695	6.9205	0.3031	0.8052	nan	nan	9.4503	89.7042	1.8714	5.0098	0.2589
16	0.8691	5.9748	0.3660	0.8535	nan	nan	9.0869	91.5741	2.0490	5.1354	0.2509
17	0.4081	4.7413	0.3403	0.9429	nan	nan	10.0074	92.2947	2.0490	5.0244	0.2305
18	0.1320	2.9121	0.3658	1.0321	nan	nan	10.0816	90.9658	2.7742	7.6032	0.2298
19	0.0108	1.0875	0.4646	1.2034	nan	nan	14.8271	74.1560	4.2517	9.7299	0.2157
20	0.0000	0.0393	0.6921	0.8588	nan	nan	19.0750	57.4352	6.4486	9.1288	0.2403
21	0.0000	0.0000	1.5793	0.5625	nan	nan	21.7033	49.4854	9.8785	15.7318	0.3016
22	0.0000	0.0000	1.9075	0.2729	nan	nan	28.4788	13.5385	36.9498	46.0015	0.3118
23	0.0000	0.0000	3.7741	0.1213	nan	nan	31.3585	25.9367	30.6142	49.4618	0.3215
24	0.0000	0.0000	1.6594	0.0508	nan	nan	19.0888	34.9989	18.6400	21.2881	0.3224
25	0.0000	0.0000	1.2211	0.0151	nan	nan	15.9837	47.0990	17.9957	11.6375	0.3500
26	0.0000	0.0000	1.1517	0.0029	nan	nan	14.7640	48.3825	9.2167	10.7811	0.4430
27	0.0000	0.0000	1.2891	0.0064	nan	nan	18.7946	42.7389	9.2755	13.3501	0.6348
28	0.0000	0.0000	1.4544	0.0147	nan	nan	19.6624	27.9200	17.5563	21.1753	0.5667
29	0.0000	0.0568	1.5207	0.0290	nan	nan	23.1197	22.4242	13.3113	23.6529	0.5466
30	0.0088	0.3165	1.4070	0.0797	nan	1.15555	25.7690	18.0862	13.5250	18.1827	0.6535
31	0.0918	1.1023	1.4473	0.1609	2.26897	0.45494	27.5198	16.8625	14.6707	21.8049	0.6631
32	0.2507	2.5111	1.2073	0.2763	4.10198	0.85217	27.0149	22.3486	15.1640	21.8711	0.7248
33	0.4085	3.1014	0.6276	0.4517	3.86314	1.52216	27.1323	29.1313	17.4847	25.1609	0.6648
34	0.5349	1.9764	0.6621	0.6613	2.90809	0.99643	23.0673	27.8763	18.9216	25.3159	0.7250
35	2.0400	7.3508	0.4359	0.8709	8.54985	1.87323	19.0023	53.0928	13.3711	18.1994	0.5887
36	2.2796	7.7219	0.3120	0.8205	13.35863	7.3455	8.6540	69.4766	3.1359	8.3449	0.2116
37	2.1612	8.0177	0.2148	1.0895	11.34099	7.87515	10.0979	71.1211	0.6288	3.8350	0.1526
38	1.7944	7.5744	0.3340	1.4934	10.39518	7.07025	12.1146	76.5838	1.5039	5.8874	0.1950
39	1.1483	7.2667	0.3258	1.5831	12.52323	4.17829	nan	65.9444	4.1825	4.1355	0.1518
40	0.7596	4.8516	0.3405	1.7792	5.35088	4.9349	nan	64.9788	2.0935	4.5053	0.1241
41	0.2576	2.4343	0.3242	2.6215	5.29083	5.05368	nan	68.7360	2.3169	5.1209	0.1705
42	0.0668	2.7167	0.3078	1.8345	4.33695	2.8468	16.2339	71.3805	3.6813	6.5128	0.1612
43	0.0180	0.7030	0.3010	0.2453	2.29089	1.64383	15.4313	64.5699	5.3280	6.8504	0.1646
44	0.0000	0.0355	0.5012	0.1335	1.4038	1.38849	14.6287	47.9400	7.9047	10.4949	0.1681
45	0.0000	0.0314	0.5963	0.0971	2.29703	1.34784	13.8260	43.3742	9.2530	9.9905	0.1907
46	0.0000	0.0273	0.6680	0.0532	3.19026	1.30719	12.8750	41.3683	8.6707	10.1375	0.2128
47	0.0000	0.0232	1.3786	0.0077	2.31187	1.35264	17.8834	26.3381	10.4580	13.7073	0.2457
48	0.0000	0.0191	1.6725	0.0000	0.43846	1.2967	14.9190	25.5889	10.0206	11.8340	0.2339
49	0.0000	0.0149	1.9391	0.0000	nan	1.30336	14.1512	25.2141	11.0080	14.2019	0.2176
50	0.0000	0.0108	1.7959	0.0113	nan	1.31072	16.0873	21.9069	11.2588	13.8810	0.2791
51	0.0000	0.0067	2.3734	0.0280	nan	1.31808	20.0595	13.8816	11.4610	18.2417	0.2906
52	0.0000	0.0026	1.6624	0.0418	nan	1.32543	20.1647	10.5224	14.6654	18.1493	0.3442
53	0.0000	0.0830	2.2313	0.0527	nan	1.33279	21.6530	10.5790	12.5075	12.6729	0.3988
54	0.0535	1.5782	1.4915	0.5648	nan	1.34015	22.9338	8.1504	10.9276	9.8144	0.3921
55	0.2462	3.9446	0.8710	1.0257	nan	1.34751	25.3937	19.4509	16.1989	10.3790	0.4763
56	0.6570	5.3383	nan	1.1291	5.83493	1.38291	20.5573	43.4160	11.5775	9.8048	0.4290
57	1.2087	6.1814	nan	0.8694	7.29947	2.07093	17.9844	65.3158	6.4649	9.7005	0.2882
58	1.7202	6.9661	nan	0.8068	10.04788	5.3136	17.1266	78.0333	4.7785	6.3786	0.2837
59	2.1089	7.5052	nan	0.7417	11.68702	5.60663	14.7218	73.3071	3.3982	4.9146	0.2589
60	2.0666	7.1643	nan	1.0325	10.92137	8.08672	12.2715	80.0929	2.1467	3.6249	0.2348
61	2.1193	7.5979	0.2750	1.1950	10.05249	9.09473	11.4780	80.3182	1.4140	3.2139	0.2141
62	1.8428	7.4394	0.4573	1.3036	11.01448	8.92105	11.2729	80.0000	1.2300	3.2129	0.1943
63	1.4334	7.0468	0.3752	1.3630	8.28718	8.78639	11.5961	81.6669	1.0264	3.2110	0.1811
64	0.7538	5.9445	0.2980	1.4103	7.04547	7.33163	nan	84.0618	0.8200	3.2102	0.1790
65	0.3359	4.5624	0.2689	1.2533	4.7133	6.12903	nan	86.3411	0.8200	2.6650	0.1728
66	0.0895	2.2988	0.2323	1.5687	3.05991	4.24723	nan	83.7722	3.9132	5.6510	0.1728
67	0.0299	0.6805	0.5582	1.5479	2.03652	2.48742	nan	70.6202	12.3617	8.9446	0.1836
68	0.0080	0.0312	0.7191	0.6334	2.21952	1.89931	12.3806	69.1115	4.0270	5.3296	0.2067
69	0.0039	0.0000	0.5158	0.0699	1.34973	1.23893	10.2317	60.6059	2.6387	13.1355	0.2024
70	0.0000	0.0000	0.3630	0.0000	0.69445	1.53722	7.5115	60.0691	2.4590	3.4771	0.1578
71	0.0000	0.0000	0.4783	0.0000	0.70109	1.67409	10.8144	58.0889	4.4196	nan	0.1640
72	0.0000	0.0000	0.7194	0.0000	0.82796	1.59289	13.8721	46.9931	7.9665	nan	0.1869
73	0.0000	0.0000	1.1231	0.0000	0.70542	0.92659	18.4155	29.9673	8.3388	nan	0.2058
74	0.0000	0.0000	0.8003	0.0000	0.6818	1.26358	15.5396	34.8586	7.2950	nan	0.3983
75	0.0000	0.0000	0.7452	0.0000	0.61599	0.92721	14.8433	38.3470	5.5824	nan	0.3388
76	0.0000	0.0000	0.9923	0.0000	0.45595	0.63876	18.1254	23.2053	10.3179	nan	0.3847
77	0.0000	0.1040	1.2942	0.0163	0.47743	0.62808	21.0171	23.9022	11.4750	nan	0.4049
78	0.0348	0.6889	2.0508	0.2683	1.2281	0.61619	20.7606	19.2979	10.9944	nan	0.4007
79	0.0931	1.2640	0.8879	0.4544	1.49843	0.45441	23.8262	23.1400	16.3969	nan	0.4438
80	0.4175	2.3514	0.6471	0.3333	2.23232	0.62186	23.7027	32.5495	13.1150	nan	0.4569
81	1.1355	5.9280	1.3137	0.2503	6.49981	2.4791	20.8795	48.2989	7.4193	10.9316	0.5329
82	1.6561	6.8481	0.3395	0.2522	6.75345	3.10929	17.0760	67.8422	8.1007	13.6716	0.5063
83	2.2130	7.5485	0.4314	0.3558	10.45634	5.98409	15.7135	81.6276	4.6968	9.0937	0.4631
84	2.2646	7.5467	0.3223	0.5443	11.81939	9.18104	14.8879	93.0246	2.3306	5.7737	0.4579
85	2.2300	7.4083	0.4138	0.6569	10.63094	9.7669	14.9874	100.5423	1.2818	4.4616	0.4856
86	1.3146	6.9231	0.3741	0.6083	7.85884	8.50394	14.3598	102.1391	0.8200	4.0792	0.4471
87	1.3606	6.2789	0.2148	1.0610	8.44435	9.42117	13.1003	99.1719	0.8200	4.0051	0.3846
88	0.7629	5.2828	0.3088	1.3544	6.97634	8.30189	12.4862	99.0961	0.8683	4.0048	0.3182
89	0.3258	3.5985	0.2642	0.9427	5.40103	6.71064	12.3930	94.0310	1.1427	4.4959	0.2735
90	0.1133	1.8286	0.4725	0.6950	3.94512	3.38831	13.7797	86.8944	1.9030	5.9753	0.2546
91	0.0219	0.2757	0.4332	0.3314	1.88468	1.9759	15.2163	79.9351	8.9889	8.6895	0.5783
92	0.0005	0.0308	0.5390	0.0636	1.03282	1.49814	15.5899	62.4983	7.6665	9.9206	0.6464
93	0.0014	0.0137	0.8150	0.0455	0.80047	0.95169	19.2690	46.9320	16.0184	23.6353	0.6091
94	0.0022	0.0000	1.1448	0.0362	0.7792	1.00598	21.8502	31.2825	15.1542	17.3229	0.5636
95	0.0031	0.0000	1.7935	0.0362	0.6818	1.03671	18.7100	37.6289	8.0775	13.0131	0.4893
96	0.0040	0.0000	0.7873	0.0362	0.64926	1.04091	17.0717	41.3406	8.8802	10.2275	0.4615
97	0.0048	0.0000	1.0543	0.0362	0.62501	0.8386	21.1140	31.8377	12.6389	19.4524	0.4609
98	0.0057	0.0000	0.9558	0.0304	nan	nan	21.5076	23.4108	9.1841	13.9904	0.4746
99	0.0065	0.0000	0.9685	0.0189	nan	nan	nan	21.5017	5.2626	8.5142	0.5604
100	0.0074	0.0000	0.7247	0.0075	nan	nan	nan	18.4302	7.5178	11.3506	0.5297
101	0.0082	0.0338	0.5796	0.0095	nan	nan	nan	35.3009	4.9347	6.7661	0.4651
102	0.0091	0.5830	0.7447	0.1072	nan	nan	nan	24.0700	7.0984	9.7755	0.5234
103	0.2015	2.2558	0.6895	0.2357	nan	nan	nan	21.9622	9.3461	12.3186	0.8115
104	0.5120	3.9852	0.4971	0.2468	nan	nan	nan	43.3638	7.6969	10.4550	0.7718
105	0.9573	5.2392	0.3193	0.2260	nan	nan	nan	51.8752	6.3674	8.8961	0.6406
106	1.5154	5.6233	0.3223	0.2562	nan	nan	nan	66.0554	4.7162	8.3090	0.6173
107	1.3668	5.1436	0.2977	0.2937	nan	nan	nan	74.5442	3.9272	7.4522	0.5991
108	2.0631	7.8061	0.3823	0.3152	nan	nan	nan	80.9579	2.9110	5.7114	0.6308
109	1.9491	6.2025	0.5677	0.5620	nan	nan	nan	81.8907	2.0441	3.9823	0.4269
110	1.8249	7.3788	0.3379	0.8328	nan	nan	nan	85.5018	1.4238	3.9813	0.4106
111	1.4321	7.0442	0.2323	1.0383	nan	nan	nan	86.3851	1.2300	3.9803	0.3463
112	0.9353	5.6895	0.4531	0.7559	7.87751	8.23971	8.8468	90.7880	1.6013	4.0593	0.3070
113	0.3776	3.9238	0.3116	0.5424	7.09527	5.91439	9.0336	88.5621	2.7258	6.3605	0.2881
114	0.1191	1.9237	0.3392	0.5633	2.16645	4.17056	10.0457	86.4734	4.1401	5.3827	0.2881
115	0.0401	0.5982	0.4186	0.4850	1.22085	2.54944	9.9815	66.6174	6.4956	16.2444	0.3014
116	0.0087	0.0731	0.7847	0.3499	0.33279	2.29253	22.6543	40.4844	38.6081	35.2489	0.3262
117	0.0100	0.0647	1.4562	0.1780	0.7792	1.61096	34.3202	27.9519	39.3592	38.6934	0.3796
118	0.0112	0.0563	1.9842	0.1312	0.9574	1.51557	32.2307	14.2974	30.2295	45.8927	0.4025
119	0.0125	0.0478	1.5583	0.0843	1.13952	1.5532	29.1534	30.3653	19.0255	26.8159	0.4302
120	0.0137	0.0394	1.5438	0.0562	1.02259	1.537	23.5691	29.1067	16.8932	23.9844	0.4655
121	0.0150	0.0310	1.4455	0.0377	1.06661	1.53165	21.3912	42.5967	10.7626	16.7958	0.4963
122	0.0162	0.0226	2.0063	0.0195	0.99505	1.49313	26.5045	28.0404	17.3328	23.7932	0.5761
123	0.0174	0.0142	1.7550	0.0307	0.83253	1.19958	29.2769	26.1738	14.4144	18.1545	0.6688
124	0.0187	0.0057	1.7742	0.0443	0.73794	0.97392	34.3393	22.6150	15.9445	22.1108	0.8184
125	0.0199	0.1428	2.6501	0.0639	0.80379	0.91544	38.0053	23.6307	14.3736	19.0806	0.9840
126	0.0492	1.1393	1.7504	0.4955	1.32097	1.07392	41.2150	23.8376	14.2366	21.3446	0.9404
127	0.2721	3.0902	1.0981	0.8082	3.27945	1.32725	31.2637	34.9927	16.2537	22.4057	0.7459
128	0.7087	5.0370	0.4645	0.9881	6.00751	2.198	24.0115	52.0330	16.2570	22.6784	0.6661
129	1.3397	6.4452	0.3434	0.8330	10.12603	3.66707	23.2032	71.0736	10.6214	18.5100	0.5075
130	1.9694	7.0553	0.3063	0.8400	12.70381	5.84779	11.5742	81.9029	3.9291	9.6858	0.3202
131	2.3522	7.5326	0.4763	0.8750	12.87626	8.1412	8.3477	80.3848	2.0416	4.9975	0.2303
132	2.6835	7.9163	0.1946	0.7931	11.61445	9.04398	6.3458	76.1678	1.4249	3.3134	0.1774
133	2.6133	7.7946	0.2449	1.9208	10.78222	nan	7.2967	86.5538	1.5106	3.1370	0.1747
134	1.8670	6.1786	0.4229	2.1678	10.31209	nan	7.1065	105.0067	1.9784	4.2962	0.2076
135	1.3657	5.9889	0.3795	2.0651	9.52656	11.15755	11.7632	110.9547	2.2342	nan	0.2222
136	0.6302	4.7119	0.3625	1.5094	6.25543	8.97725	14.0904	109.7807	2.4590	nan	0.2222
137	0.3662	3.2852	0.3515	1.7272	4.60193	7.534	13.1058	107.9806	2.4590	nan	0.2234
138	0.0973	1.8497	0.3400	1.6562	3.84559	6.44893	13.7570	96.5367	2.7484	6.7802	0.2333
139	0.0060	0.4968	0.4779	2.0924	3.08924	5.22975	19.6547	83.5390	6.3141	16.4728	0.2501
140	0.0000	0.0442	1.2277	1.4542	2.3329	4.01058	27.1060	54.4649	16.5021	33.7429	0.2907
141	0.0005	0.0039	1.6991	0.4174	1.57655	2.6396	30.6803	38.9374	30.3894	45.1515	0.3929
142	0.0014	0.0084	2.3235	0.1511	1.92805	2.75909	39.4833	30.3615	26.5918	35.0890	0.3872
143	0.0023	0.0128	2.5843	0.1263	1.19426	2.10262	39.9650	21.8309	33.2908	31.2218	0.4109
144	0.0032	0.0173	3.3427	0.1807	0.487	0.021	46.0401	4.6280	61.8164	71.0023	0.4059
145	0.0041	0.0217	3.7631	0.1312	0.41527	0.02119	66.0695	3.9670	51.7233	66.0245	0.4507
146	0.0050	0.0261	3.4892	0.2175	0.5844	0.2707	48.4826	4.4771	37.2510	50.6761	0.6270
147	0.0059	0.0306	2.6699	0.0858	0.6869	0.30351	39.6489	7.5249	32.6798	46.1545	0.5514
148	0.0068	0.0350	2.4061	0.0446	0.37814	0.43393	36.8123	10.7937	31.9181	41.6330	0.6841
149	0.0094	0.0694	2.6472	0.0554	nan	0.18999	30.0859	24.0774	16.3987	37.1114	0.7467
150	0.0415	0.6425	2.4305	0.1466	nan	0.9938	28.2368	28.1019	15.9984	32.5898	0.8230
151	0.1502	1.8054	1.2590	0.5436	nan	1.81317	26.5512	33.7637	19.4822	28.0682	0.8865
152	0.5054	3.2756	1.2415	0.6430	nan	2.63254	24.8656	53.4757	16.9833	23.5466	1.0442
153	1.0938	5.0370	0.6423	0.7245	7.52865	3.45096	24.2104	76.4137	13.4784	19.0251	0.7961
154	1.7029	6.1400	0.5492	0.7674	9.65828	6.60062	17.5301	86.6005	7.6178	10.5576	0.6306
155	1.1164	4.5052	0.5324	0.8413	9.44548	6.60247	14.3536	94.6011	4.9682	8.0310	0.6865
156	1.9573	4.5795	0.6901	0.9727	12.38291	6.26568	12.6394	92.6910	11.7322	13.2836	0.6056
157	2.1256	5.4226	0.6411	0.7280	10.75857	7.5267	11.0461	98.0138	9.7750	27.1272	0.5267
158	1.8516	7.1288	0.6165	1.1558	9.13422	9.31097	nan	109.4083	3.4000	5.4715	0.4929
159	1.1073	4.7445	0.4606	1.4522	7.50988	7.67942	nan	114.4733	2.9854	5.8578	0.5026
160	0.5476	3.3947	0.3181	1.6471	5.88553	6.46078	nan	119.4447	3.6373	9.1709	0.5297
161	0.1943	2.2786	0.2575	1.2976	4.26119	5.59511	nan	123.8441	5.4762	5.3912	0.5518
162	0.0848	1.7568	0.2578	0.9521	2.63684	4.06013	13.0286	118.8988	3.8513	6.1028	0.5779
163	0.0129	0.4797	0.5779	0.6511	3.5918	4.06365	17.1237	86.9802	7.8267	23.8266	0.6568
164	0.0000	0.0006	1.3481	0.2336	2.67892	4.04051	27.6372	73.6646	21.6174	25.1917	0.7329
165	0.0000	0.0048	1.1460	0.0763	2.84469	3.73424	19.3175	61.8654	10.2311	18.0543	0.5914
166	0.0000	0.0090	1.0939	0.0570	2.42574	3.99147	30.4231	59.3967	7.8709	11.1406	0.6747
167	0.0000	0.0132	1.1047	0.0971	2.25987	2.84955	19.2043	53.5228	6.9670	10.0949	0.3871
168	0.0000	0.0174	1.6117	0.1244	2.00488	2.34452	36.6890	41.7228	8.3734	17.2908	0.4674
169	0.0000	0.0216	2.0044	0.1329	1.90896	2.33141	26.5543	34.4313	8.9212	17.7108	0.4545
170	0.0000	0.0258	1.7734	0.0843	1.40828	1.8588	24.8364	39.2162	6.8062	13.1751	0.4975
171	0.0000	0.0299	2.0171	0.0724	1.27215	1.55492	32.5661	30.2478	6.5587	16.7042	0.5855
172	0.0000	0.0341	2.2124	0.0724	1.36488	1.23046	30.2466	24.0204	5.9764	16.7223	0.5855
173	0.0000	0.1384	2.0887	0.0905	1.02227	0.69815	23.7176	11.5452	15.9173	39.6096	0.5322
174	0.0152	0.8316	1.6644	nan	1.70753	nan	19.0786	21.8724	8.5749	20.8058	0.4738
175	0.0927	1.6596	1.2174	nan	nan	nan	nan	23.8963	9.7940	18.4008	0.6768
176	0.3592	3.3069	0.6640	nan	nan	nan	nan	38.8354	7.7697	nan	0.7066
177	0.6833	4.3997	0.5524	nan	nan	nan	nan	53.9933	7.3770	nan	nan
178	0.9534	4.0020	nan	nan	nan	nan	nan	72.2628	6.9193	nan	nan
179	1.7655	6.5973	nan	nan	11.24593	7.52419	nan	93.4314	5.2885	nan	0.9658
180	1.9599	6.9179	nan	nan	11.22555	10.18906	nan	106.4786	4.0314	nan	0.7941
181	1.9863	6.9142	nan	nan	10.63095	11.77171	nan	113.9428	2.5015	nan	0.6914
182	1.6450	6.7310	nan	nan	9.45188	11.77964	17.4343	124.8947	2.0962	nan	0.9217
183	0.9605	5.5441	nan	nan	7.88365	11.75779	17.4897	149.9739	2.3207	nan	0.7097
184	0.5337	3.7059	nan	1.8943	6.12024	10.42157	20.5358	152.5713	2.8384	5.1839	0.6584
185	0.2169	2.0896	0.2699	2.3205	4.2857	7.38948	14.6227	147.6663	3.9623	4.3366	0.4640
186	0.0531	0.9968	0.3757	2.0374	4.2857	4.93915	15.8489	127.4639	5.1971	6.5250	0.4520
187	0.0159	0.3275	0.5970	1.4031	2.22456	4.14825	20.4638	109.1346	nan	8.0435	0.4458
188	0.0033	0.0549	2.3992	1.2273	1.88718	3.97705	33.9133	54.1204	nan	82.0401	0.4615
189	0.0005	0.0000	1.4917	0.2476	1.73659	3.01622	35.8923	54.5817	nan	39.0925	0.5648
190	0.0011	0.0000	1.7088	0.0500	1.44555	2.44982	34.1270	56.2667	29.2785	39.9031	0.6728
191	0.0017	0.0000	1.9259	0.0577	1.37806	2.44182	36.4330	44.5218	21.1780	24.1384	0.7459
192	0.0023	0.0000	2.1346	0.1204	0.7792	2.21495	39.9329	44.8925	18.8525	26.7066	0.8005
193	0.0030	0.0000	2.0153	0.1269	0.94718	1.48904	40.5449	32.4515	22.6126	21.5748	0.7845
194	0.0036	0.0000	2.7914	0.2345	1.03798	2.04111	nan	33.7920	nan	24.5358	1.0983
195	0.0042	0.0000	2.9737	0.3406	1.96889	2.0306	nan	23.1400	nan	29.7661	1.3856
196	0.0048	0.0000	3.2288	0.1567	1.37496	0.9849	nan	15.0455	nan	38.9570	1.0935
197	0.0054	0.0808	2.7564	0.1819	1.11965	0.71224	nan	11.7794	nan	36.3915	1.0565
198	0.0135	0.4131	2.8106	0.2574	1.39394	0.59349	nan	9.7118	25.8539	38.8110	1.1303
199	0.1033	1.4247	1.2818	0.4652	1.60383	1.33109	nan	25.6372	14.0779	27.2148	0.8948
200	0.3688	2.1560	0.9875	0.5260	1.83471	2.17092	nan	40.5196	14.2555	23.9081	0.8759
201	0.5981	3.4546	0.5056	0.6345	4.11243	3.7552	26.3791	65.8362	10.3642	18.2205	0.8136
202	0.8673	4.1496	0.4988	0.8035	6.36282	5.24389	23.2030	87.7449	7.8956	13.5426	0.7577
203	0.6254	3.2517	0.7016	1.4199	nan	7.32928	40.3051	126.6014	11.7025	20.7293	1.6294
204	0.5613	2.6295	0.8235	1.1689	nan	6.17242	44.7263	119.7511	16.4018	30.2328	1.8496
205	0.9160	4.5659	0.6105	1.4979	nan	11.99791	29.8813	111.5396	10.3004	19.6184	0.6703
206	1.2281	4.2940	0.4604	1.5611	nan	9.32057	20.3862	101.7569	2.7337	5.5180	0.4821
207	0.7562	4.3865	0.5263	1.0840	8.64158	11.16187	23.8859	104.4630	2.3523	5.9614	0.5815
208	0.4485	3.4039	0.5161	0.8928	6.30693	7.61366	20.0663	88.5335	nan	6.8532	0.6325
209	0.2306	2.4823	0.5784	0.6553	4.13546	5.85032	20.6158	81.2724	nan	9.9211	0.6169
210	0.0450	1.0086	0.5711	0.4107	3.4472	3.99731	19.9421	74.3498	nan	10.1434	0.5926
211	0.0169	0.2632	0.9076	0.2392	3.21621	3.20515	21.8378	66.1353	nan	11.3154	0.6227
212	0.0092	0.0620	0.9076	0.1703	2.43382	2.27615	26.2175	55.8373	nan	9.9078	0.7662
213	0.0014	0.0369	1.4200	0.1306	1.88604	1.98131	47.3253	46.4019	nan	15.9840	1.0855
214	0.0000	0.0369	1.8437	0.1144	1.63067	1.78554	47.7113	46.6992	nan	12.4763	1.1082
215	0.0000	0.0369	nan	0.0961	1.5584	1.73761	28.0732	49.8310	nan	9.3555	0.7511
216	0.0000	0.0369	nan	0.0743	1.53407	1.73198	24.0378	48.5356	nan	6.5592	0.6556
217	0.0000	0.0326	nan	0.0724	1.46313	1.70316	25.2818	42.5046	nan	7.3289	0.6760
218	0.0000	0.0203	nan	0.0581	1.24323	1.45992	29.4826	34.6754	nan	10.1448	0.7869
219	0.0000	0.0079	nan	0.0425	0.8766	1.22453	29.7418	30.1591	nan	9.3009	0.8231
220	0.0000	0.0000	nan	0.0434	0.93336	1.26577	27.5087	25.5936	nan	10.1423	0.7878
221	0.0000	0.0807	nan	0.0586	0.73002	1.02948	27.6991	21.8114	nan	11.9181	0.7068
222	0.0058	0.5062	nan	0.1071	0.62098	1.11162	27.3380	20.4876	nan	11.2483	0.7183
223	0.0980	1.4032	1.1608	0.1696	1.37478	1.24563	27.6597	23.8507	nan	12.8767	0.7555
224	0.2847	2.1770	0.6357	0.2348	2.48364	1.71977	24.9197	26.7146	nan	12.7179	0.7490
225	0.7355	4.3967	0.3631	0.3307	6.13191	2.1855	23.8255	47.7969	nan	16.0878	0.7949
226	1.1886	5.4676	0.3439	0.6869	7.41451	4.37129	21.3613	67.7700	nan	11.1525	0.8368
227	1.7686	6.7662	0.3975	0.5601	10.90655	5.88292	19.8099	91.3407	nan	13.9076	0.8319
228	1.7204	6.0613	0.3781	0.7519	10.29414	9.19721	17.4271	105.2502	nan	6.8992	0.8946
229	1.5895	5.9194	0.3483	0.7308	10.4221	9.87878	14.9840	113.2857	nan	5.6687	0.8449
230	1.6219	6.1107	0.3434	0.8011	10.23113	10.42362	15.1831	110.9078	nan	5.4926	0.7421
231	1.0704	4.7366	0.3830	1.0015	6.78382	8.07659	13.7703	114.1107	nan	5.4910	0.6760
232	0.2252	1.5787	0.2746	0.5474	3.98552	6.26569	12.3777	99.0498	nan	5.4900	0.6514
233	0.1454	1.3874	0.2539	0.3862	3.4091	4.40545	12.5584	96.5290	nan	5.6416	0.5691
234	0.0547	0.5099	0.2970	0.2905	2.59349	3.10023	13.5522	90.1365	nan	6.5604	0.6137
235	0.0084	0.2812	0.7938	0.2131	2.09229	2.8848	18.9553	82.5440	nan	7.5212	0.7602
236	0.0028	0.0585	0.7791	0.1484	1.64477	2.40784	18.1473	74.8747	nan	7.3354	0.7774
237	0.0006	0.0213	1.0596	0.1016	1.2662	2.06477	21.5941	69.3945	nan	9.4330	0.8231
238	0.0000	0.0022	1.0210	0.0547	1.1688	1.93541	19.8209	65.0024	nan	7.5328	0.8487
239	0.0000	0.0072	1.1372	0.0429	1.04829	1.6865	20.4990	58.4515	nan	8.2531	0.8845
240	0.0000	0.0123	1.5389	0.0315	0.8766	1.3108	17.8836	55.7501	nan	8.2568	0.8294
241	0.0000	0.0173	1.5394	0.0200	0.81004	1.06613	15.8789	47.8518	nan	7.5374	0.7663
242	0.0000	0.0224	1.4619	0.0181	0.56483	0.93253	18.8121	39.5926	nan	7.5241	0.7755
243	0.0000	0.0274	1.3741	0.0181	0.3896	0.91312	18.8045	30.1431	nan	12.8011	0.7749
244	0.0000	0.0325	1.5431	0.0181	0.47281	0.58791	20.8369	20.0408	nan	20.1820	0.7318
245	0.0000	0.0644	1.5734	0.0187	0.65352	0.52115	20.6743	22.7124	nan	12.8142	0.7304
246	0.0269	0.4240	1.3466	0.0737	0.85831	0.6843	22.1660	23.1224	nan	14.2742	0.7560
247	0.0689	0.8676	0.9011	0.1649	1.23328	0.90104	20.2661	30.3858	nan	12.4227	0.7819
248	0.1411	1.4128	0.5873	0.2354	1.13903	1.02518	19.2013	36.9710	nan	8.5107	0.7217
249	0.1789	1.3493	0.4187	0.2354	1.39803	1.32424	17.9501	42.3636	nan	10.3378	0.7556
250	0.5773	3.4485	0.2698	0.2421	2.91359	2.20743	16.5038	46.6185	nan	9.9543	0.7676
251	0.3008	1.4466	0.2928	0.2498	3.31218	1.88748	16.5032	50.8734	nan	10.5418	0.7704
252	0.8001	4.7108	0.2655	0.5643	4.22573	2.83725	17.8387	66.3690	nan	10.0530	0.7731
253	1.8489	7.0457	0.3701	0.7180	8.9642	8.17071	14.1085	83.9086	nan	4.8302	0.7135
254	1.1351	4.4025	0.2608	0.4578	7.68079	8.1923	13.2170	94.5450	nan	3.8528	0.7040
255	0.5306	2.4142	0.2608	0.3662	3.9383	5.93578	12.8345	93.9455	nan	4.4684	0.7225
256	0.2555	1.8395	0.3053	0.4464	3.52819	5.0841	13.5986	87.7766	4.0966	5.8130	0.7487
257	0.1744	1.5891	0.2797	0.2850	3.28935	4.38688	13.6845	91.2400	5.1378	11.3974	0.7574
258	0.0437	0.9078	0.4327	0.1865	2.26391	2.61378	12.9136	76.4372	8.6366	16.1683	0.5006
259	0.0116	0.4109	0.4328	0.1106	1.65665	1.64636	13.4562	60.9862	10.1719	15.3227	0.3951
260	0.0034	0.0760	0.5389	0.0712	0.70211	2.21533	10.1671	54.1348	6.5570	12.4425	0.3987
261	0.0014	0.0234	0.7253	0.0565	0.73964	1.80517	11.5091	45.1408	7.7523	15.5889	0.4099
262	0.0000	0.0075	1.0519	0.0876	0.77717	1.49693	16.4185	33.8901	10.6151	21.0293	0.4382
263	0.0000	0.0000	1.4262	0.1267	0.66245	1.39947	29.0036	24.9094	16.8318	37.2744	0.4859
264	0.0000	0.0000	1.4542	0.1139	0	0.73072	36.0473	19.1740	33.3277	38.2039	0.5111
265	0.0000	0.0000	1.4820	0.0860	-0.08376	0.73488	33.7585	19.0231	15.5740	25.5370	0.5667
266	0.0000	0.0000	1.2963	0.0678	0.24991	0.70271	29.2264	12.5620	21.0216	29.9342	0.5576
267	0.0000	0.0000	1.0745	0.0520	-0.05168	0.48759	27.5393	22.5569	17.8659	26.3440	0.4941
268	0.0000	0.0000	0.9925	0.0429	-0.0974	0.65599	20.8496	15.7501	17.2284	27.3444	0.4332
269	0.0000	0.0488	1.3037	0.0426	-0.11335	0.44243	24.7856	13.4643	17.1970	30.6648	0.4305
270	0.0000	0.2709	1.0664	0.0668	0.0974	0.42687	22.0246	12.6693	16.1269	25.4155	0.4428
271	0.0269	0.3624	0.9051	0.1142	0.25464	0.376	25.9300	13.9219	13.5915	22.9188	0.5181
272	0.0948	0.7638	0.9107	0.1547	0.75493	0.43864	27.7052	13.4288	16.9811	27.3181	0.6047
273	0.2139	1.5342	0.7759	0.1910	0.41697	0.63756	28.1557	21.4068	18.3887	29.8340	0.7133
274	0.4056	2.3247	0.5087	0.2161	1.62388	1.04011	28.9788	35.7269	15.9295	28.3482	0.7243
275	0.4362	2.0284	0.4867	0.2313	1.85635	1.57566	25.0039	49.1457	11.5318	19.9475	0.7429
276	0.6150	2.5591	0.2905	0.1921	2.02091	1.86511	23.4262	53.7944	10.2941	19.7264	0.7817
277	0.4148	2.3841	0.4754	0.1943	2.4423	1.6082	23.0131	60.1873	nan	19.5931	0.7784
278	0.7553	5.1342	0.5639	0.3452	3.9234	1.70919	24.1319	72.3242	13.1738	25.0894	0.7751
279	1.0841	4.9454	0.5525	0.6018	5.49606	3.02502	21.7101	82.7612	6.4983	12.9850	0.7595
280	0.7069	4.1676	nan	0.6744	4.54161	4.15352	17.4627	88.4640	3.9704	8.6506	0.7347
281	0.3578	3.2724	nan	0.8232	3.47976	3.95447	15.7184	89.6937	3.8485	7.7512	0.7540
282	0.0352	0.9406	0.5181	0.8200	1.94248	2.01919	19.1351	79.5531	5.3576	10.1684	0.8551
283	0.0098	0.2224	0.6633	0.3158	1.3636	1.59669	23.5369	54.7038	8.8657	16.5389	0.9300
284	0.0013	0.0000	0.9525	0.1534	1.18241	1.0508	25.8681	44.9310	14.0381	25.5090	0.9313
285	0.0000	0.0000	1.4386	0.0539	1.01246	1.02238	26.0589	43.6735	9.0647	17.4976	0.9649
286	0.0000	0.0000	1.7837	0.0362	1.07047	0.99503	27.0206	37.1233	10.0934	18.9036	1.0097
287	0.0000	0.0000	1.6939	0.0362	0.7288	0.94332	29.9573	26.0924	14.9417	26.8535	1.0193
288	0.0000	0.0000	1.6940	0.0362	0.69807	0.76542	26.7645	29.9207	12.8430	21.2775	0.9979
289	0.0000	0.0000	1.1210	0.0362	0.59164	0.59169	27.0329	26.5399	12.4402	20.4439	0.9845
290	0.0000	0.0000	1.1137	0.0362	0.32909	0.69567	23.9172	15.2588	13.0870	25.0037	0.9794
291	0.0000	0.0000	1.4387	0.0519	0.2922	0.23128	28.8670	10.4827	19.1932	27.4194	1.0051
292	0.0000	0.0000	1.2656	0.0752	0.1948	0.07371	27.5530	11.1744	11.0163	25.4452	1.0108
293	0.0007	0.0857	1.6189	0.1328	0.22074	0.0989	27.5609	6.0474	13.4702	24.1087	1.0255
294	0.0122	0.8891	2.1899	0.2582	1.10174	0.20273	41.9182	6.2370	18.9187	27.4156	1.1422
295	0.0850	1.4991	2.0977	0.4818	1.54885	0.10357	72.2187	11.6743	28.7927	39.9210	1.3776
296	0.3152	2.4484	1.1337	0.3976	2.12698	0.472	37.0366	17.9862	29.0486	25.4900	1.3498
297	0.5460	2.9933	0.6734	0.3838	3.19838	1.20888	30.5800	43.3731	18.9261	25.3655	1.1904
298	0.7945	3.4587	0.4186	0.5604	4.53447	1.894	24.1049	70.9136	10.2509	15.9385	1.1574
299	0.6806	2.7750	0.4811	0.4875	3.67956	2.76077	36.8363	78.2059	22.4842	26.5393	1.2023
300	0.4502	1.7483	0.3652	0.4273	3.34811	3.184	21.3353	83.0663	7.3647	14.1619	1.0852
301	0.3647	1.4435	0.2906	0.3757	2.63563	2.51672	21.2423	87.0717	9.1382	13.9319	1.3118
302	0.1843	1.1053	0.2773	0.3230	2.98395	2.60878	12.4356	75.2132	5.2959	9.6822	1.0297
303	0.1239	0.9933	0.2443	0.2305	1.9208	0.81828	12.5539	43.0696	6.6490	11.3704	0.5754
304	0.0684	0.7548	0.2060	0.1790	1.28222	0.78792	10.0591	39.3020	6.7645	13.0388	0.5015
305	0.1707	1.1887	0.1476	0.2208	1.5584	0.4931	12.7170	39.4622	8.3932	15.2685	0.6056
306	0.0137	0.3189	0.1131	0.2175	0.59077	0.67886	18.1465	36.0865	8.3570	13.4800	0.6116
307	0.0023	0.0262	0.0905	0.0822	0.79163	0.87628	8.7744	47.2434	2.3800	6.0927	0.3067
308	0.0001	0.0060	0.0742	0.0458	0.974	0.83	6.2447	41.1216	3.0023	7.0630	0.2634
309	0.0000	0.0000	0.1033	0.0282	1.18815	0.73869	7.8416	40.0064	5.6721	5.4080	0.3440
310	0.0000	0.0000	0.2047	0.0176	0.85789	0.64316	7.8564	36.0068	6.0330	8.5298	0.3304
311	0.0000	0.0000	0.2565	0.0108	0.3896	0.2136	8.7250	15.1708	8.0903	12.1244	0.3526
312	0.0000	0.0000	0.2445	0.0040	0.3896	0.18227	11.9505	12.4285	16.6223	18.0081	0.3539
313	0.0000	0.0000	0.2645	0.0000	0.3896	0.27005	8.5747	13.6004	7.3818	12.1669	0.3539
314	0.0000	0.0000	0.4949	0.0255	0.30482	0.31617	13.4993	8.2261	13.3274	19.8758	0.3944
315	0.0000	0.0000	0.4970	0.0859	0.21612	0.2142	14.4667	10.5867	11.1917	19.8956	0.3704
316	0.0000	0.0000	0.3089	0.0750	0.41195	0.30359	14.2210	20.1265	12.7859	19.5856	0.4319
317	0.0003	0.0370	0.2350	0.0582	0.2922	0.38785	9.7499	33.5280	5.1526	6.4073	0.4509
318	0.0070	1.0323	0.2258	0.0752	0.83413	0.5511	7.9395	31.5044	4.8519	5.6092	0.4615
319	0.1540	2.5829	0.1949	0.1614	2.11097	0.85267	10.4599	38.5922	6.0504	7.3547	0.4732
320	0.5405	4.5833	0.1495	0.2871	3.00321	1.325	10.3699	48.3404	4.9180	7.1171	0.5415
321	0.8310	4.0063	0.1657	0.3382	3.64605	1.20145	9.9490	53.8026	4.9180	7.9534	0.5446
322	2.0073	6.4473	0.2959	0.3164	8.20894	2.43975	7.6594	62.3677	4.9180	8.6725	0.4900
323	2.1518	6.5657	0.3544	0.3326	9.31902	4.31875	7.8104	68.9414	3.3667	12.0203	0.3354
324	2.0810	7.0109	0.2714	0.3972	8.8038	5.74469	6.6852	74.2911	2.1929	10.5351	0.2740
325	2.4726	7.1361	nan	0.4968	9.45228	8.0432	6.7612	78.6341	1.7336	11.2418	0.3228
326	1.5294	5.2249	nan	0.4596	5.27124	7.27382	9.3011	nan	nan	9.3408	0.4049
327	1.2214	6.6389	nan	0.4223	nan	nan	nan	nan	nan	nan	nan
328	0.8634	5.0399	nan	nan	nan	nan	nan	nan	nan	nan	nan
329	0.5053	3.4409	nan	nan	nan	nan	nan	nan	nan	nan	nan
330	0.1472	1.9009	nan	nan	nan	nan	nan	92.7420	nan	nan	nan
331	0.0350	0.5574	nan	nan	nan	nan	nan	86.7292	4.1214	nan	1.0142
332	0.0084	0.0736	nan	nan	0.86703	nan	nan	73.9525	5.7738	nan	0.8915
333	0.0000	0.0693	nan	nan	0.79913	nan	11.7610	61.7155	8.5122	12.3204	0.6957
334	0.0000	0.0651	nan	0.0695	0.87007	1.28414	17.3301	38.4160	10.3356	12.7461	0.6187
335	0.0000	0.0609	0.9545	0.0420	0.61864	0.7966	14.1077	26.8683	19.0945	16.0724	0.6091
336	0.0000	0.0566	1.6391	0.0724	0.487	0.48598	14.7597	20.1222	13.4728	15.4990	0.6012
337	0.0000	0.0524	1.2940	0.0724	0.42122	0.37909	14.7807	17.2152	15.9414	20.5575	0.6114
338	0.0000	0.0482	0.7970	0.0624	0.47421	0.18185	14.7649	21.6132	12.8795	15.7657	0.5304
339	0.0000	0.0440	0.7907	0.0426	0.3896	0.32476	11.5623	23.0831	9.4527	11.2569	0.4253
340	0.0000	0.0397	0.8690	0.0280	0.45835	0.18821	12.4610	12.2169	12.4815	12.8055	0.3832
341	0.0000	0.1231	0.9160	0.0203	0.54831	0.11288	13.5254	15.9215	17.6205	19.2349	0.3669
342	0.0000	0.7415	0.7965	0.0324	0.93551	0.2698	11.6616	17.1635	11.6129	11.5151	0.3851
343	0.0859	1.1642	0.6251	0.0777	1.22494	0.2183	15.8233	18.2062	14.7836	12.0057	0.5720
344	0.4058	3.4107	0.5242	0.1319	2.57197	0.5604	15.4495	36.2787	13.3769	7.5298	0.7696
345	0.8911	5.8618	0.4296	0.1592	3.28878	1.31879	11.7979	54.9676	6.5052	10.4752	1.1022
346	1.5250	6.8313	0.3350	0.2709	5.57305	3.7879	12.8601	66.5689	4.4858	8.9183	1.1486
347	1.8291	6.8780	0.3381	0.4763	7.29147	5.50885	12.2466	78.3649	3.4237	7.2380	0.8559
348	1.8327	6.2842	0.2427	0.5524	8.96737	6.79198	9.4030	82.6359	2.0276	5.9420	0.4189
349	0.9619	3.2353	0.1747	0.3575	4.41727	3.82535	7.3263	82.0667	1.2050	4.9727	0.3039
350	1.3916	5.0218	0.4484	0.6006	8.23497	6.50791	7.6388	83.1195	0.9395	4.4936	0.3553
351	1.1517	5.6417	0.2823	0.8461	6.31838	6.4438	7.9944	91.1295	1.1640	4.2454	0.4239
352	0.4922	3.1638	0.2465	0.6136	4.02543	5.09217	7.9960	92.7843	1.2300	3.9972	0.4943
353	0.1918	2.0019	0.2616	0.4160	1.76999	4.2618	9.1942	93.8840	1.5400	3.7491	0.5230
354	0.0497	0.8725	0.2657	0.4039	1.1474	3.20381	10.8169	84.4459	2.5800	4.3578	0.5350
355	0.0042	0.4376	0.4161	0.3690	0.96337	2.25369	9.5412	79.6793	6.8188	11.3594	0.5419
356	0.0005	0.0452	1.2258	0.1784	0.8413	2.10109	11.2780	58.3475	8.4202	14.4848	0.5687
357	0.0009	0.0000	0.2430	0.0932	0.6572	1.66453	10.7494	58.5795	6.8462	19.6830	0.4224
358	0.0024	0.0000	0.3358	0.0515	0.50993	1.11371	8.2283	46.5378	5.8967	nan	0.4115
359	0.0040	0.0051	0.2693	0.0447	0.3896	0.69288	8.8691	42.0871	5.6581	nan	0.4115
360	0.0055	0.0108	0.3010	0.0379	0.3896	0.72542	7.9977	36.5293	6.1806	nan	0.3710
361	0.0070	0.0165	0.4310	0.0362	0.24204	0.94874	9.4544	30.7416	8.0322	nan	0.3275
362	0.0086	0.0222	0.5246	0.0362	0.1948	0.7358	9.8825	28.8548	9.7298	nan	0.3045
363	0.0101	0.0279	0.5886	0.0344	0.0792	0.4713	11.5549	28.4300	9.0155	nan	0.3005
364	0.0116	0.0336	0.5223	0.0276	0.14812	0.61359	10.1453	28.4300	7.6783	nan	0.3003
365	0.0142	0.1126	0.5374	0.0208	0.14624	0.43015	9.2831	25.2414	11.1344	nan	0.3142
366	0.0248	0.2583	0.4709	0.0399	0.24653	0.44597	9.4602	24.2703	8.7366	nan	0.3352
367	0.1147	2.1711	0.3659	0.1956	0.65358	0.34637	9.7755	25.2686	9.3717	nan	0.3973
368	0.4164	3.1442	0.3427	0.3844	2.36974	0.6145	11.3932	28.5278	11.8671	nan	0.3725
369	0.5129	4.9617	0.2856	0.4309	2.95266	0.71323	12.3290	38.2178	9.4260	14.2826	0.4302
370	1.3855	5.9892	0.2340	0.4805	4.80666	1.36963	10.4891	51.8447	7.2341	10.3289	0.4255
371	1.6971	6.2281	0.2484	0.5197	6.49151	2.08858	12.4389	65.8818	7.2189	11.9384	0.4794
372	1.5766	5.9022	0.2642	0.5106	5.69806	4.23869	11.7021	81.6928	2.9851	7.2442	0.4990
373	1.4374	6.6753	0.2318	0.5991	6.96366	7.08013	9.4165	90.5790	1.8175	4.2157	0.4783
374	0.8284	1.0631	0.2630	0.3410	4.11964	3.7251	8.1786	72.7666	2.9295	4.2115	0.4698
375	nan	nan	0.1402	0.0755	nan	2.1855	nan	55.7683	4.4735	nan	0.3678
376	nan	nan	nan	nan	nan	nan	nan	51.8749	4.8485	nan	0.4703
377	nan	nan	nan	nan	nan	nan	nan	45.8036	4.9180	nan	0.4527
378	nan	nan	nan	nan	nan	nan	nan	46.9420	4.9180	nan	0.4751
379	nan	nan	nan	nan	nan	nan	nan	41.4335	6.0780	nan	0.4912
380	nan	nan	nan	nan	nan	nan	nan	32.0587	12.5075	nan	0.4884
381	nan	nan	nan	nan	nan	nan	nan	22.6045	11.2695	nan	0.5102
382	nan	0.0000	nan	nan	nan	nan	nan	15.4283	17.4847	nan	0.5255
383	nan	0.0000	nan	nan	nan	nan	nan	9.6134	18.4129	nan	0.4826
